# Information
Run datetime: 2017-09-05 22:06:52
Data file: synthetic_data/1000x20_20170823203622.csv
Algorithm type: serial
Data dimension: 20
Blocks: 100
Observations in a block: 10
Rho: 3.36666666667
Beta: 50
Lambda: 20
Processes used: 1

# Results
Algorithm run time: 701 seconds
Iterations to complete: 10000

Matching edge ratio (nonzeros): 0.905
Temporal deviations ratio (max/mean): 52.912
Temporal deviations: 0.001 0.000 0.001 0.000 0.002 0.001 0.002 0.002 0.002 0.036 0.000 0.000 0.000 0.019 0.000 0.000 0.000 0.001 0.000 0.001 0.018 0.005 0.001 0.001 0.018 0.000 0.000 0.002 0.000 0.000 0.001 0.011 0.000 0.000 0.016 0.008 0.000 0.000 0.001 0.001 0.018 0.001 0.000 0.001 0.000 0.083 0.000 0.014 0.000 1.000 0.002 0.006 0.029 0.024 0.009 0.003 0.000 0.001 0.000 0.001 0.004 0.035 0.001 0.071 0.018 0.029 0.001 0.028 0.029 0.001 0.009 0.008 0.020 0.004 0.007 0.021 0.002 0.001 0.003 0.006 0.042 0.045 0.006 0.001 0.002 0.001 0.021 0.009 0.001 0.015 0.006 0.061 0.001 0.001 0.000 0.014 0.001 0.004 0.000 
